2 0.291796875 0.5645833333333333 0.03203125 0.1625
2 0.704296875 0.7479166666666667 0.05390625 0.2513888888888889
2 0.088671875 0.3090277777777778 0.01640625 0.03194444444444444
1 0.069140625 0.3055555555555556 0.01953125 0.025
2 0.083984375 0.3104166666666667 0.00703125 0.015277777777777777
2 0.146875 0.3402777777777778 0.0171875 0.05
2 0.225390625 0.3597222222222222 0.01796875 0.075
2 0.77265625 0.71875 0.0546875 0.22916666666666666
2 0.23515625 0.3451388888888889 0.015625 0.06527777777777778
2 0.2421875 0.3548611111111111 0.015625 0.06527777777777778
