2 0.291796875 0.56875 0.03203125 0.16527777777777777
2 0.6984375 0.7430555555555556 0.053125 0.24722222222222223
2 0.088671875 0.3090277777777778 0.01640625 0.03194444444444444
1 0.069140625 0.3055555555555556 0.01953125 0.025
2 0.083984375 0.3104166666666667 0.00703125 0.015277777777777777
2 0.146484375 0.3402777777777778 0.01796875 0.05
2 0.225390625 0.3597222222222222 0.01796875 0.075
2 0.76640625 0.7131944444444445 0.053125 0.2263888888888889
2 0.232421875 0.3451388888888889 0.01484375 0.06527777777777778
2 0.2421875 0.3548611111111111 0.015625 0.06527777777777778
