2 0.293359375 0.5756944444444444 0.03203125 0.16527777777777777
2 0.68203125 0.7305555555555555 0.0484375 0.24166666666666667
2 0.088671875 0.3090277777777778 0.01640625 0.03194444444444444
1 0.069140625 0.3055555555555556 0.01953125 0.025
2 0.083984375 0.3104166666666667 0.00703125 0.015277777777777777
2 0.146484375 0.3402777777777778 0.01796875 0.05
2 0.225390625 0.3597222222222222 0.01796875 0.075
2 0.75078125 0.7 0.05 0.2222222222222222
2 0.2265625 0.3451388888888889 0.015625 0.06527777777777778
2 0.240625 0.3548611111111111 0.015625 0.06527777777777778
