2 0.293359375 0.5770833333333333 0.03203125 0.16805555555555557
2 0.680078125 0.7291666666666666 0.04765625 0.2388888888888889
2 0.088671875 0.3090277777777778 0.01640625 0.03194444444444444
1 0.069140625 0.3055555555555556 0.01953125 0.025
2 0.083984375 0.3104166666666667 0.00703125 0.015277777777777777
2 0.146484375 0.3402777777777778 0.01796875 0.05
2 0.225390625 0.3597222222222222 0.01796875 0.075
2 0.74921875 0.6986111111111111 0.0484375 0.2222222222222222
2 0.22578125 0.3451388888888889 0.0140625 0.06527777777777778
2 0.240625 0.3548611111111111 0.015625 0.06527777777777778
