2 0.294921875 0.5840277777777778 0.03203125 0.16805555555555557
2 0.663671875 0.7166666666666667 0.04453125 0.23333333333333334
2 0.088671875 0.3090277777777778 0.01640625 0.03194444444444444
1 0.069140625 0.3055555555555556 0.01953125 0.025
2 0.083984375 0.3104166666666667 0.00703125 0.015277777777777777
2 0.145703125 0.3402777777777778 0.01640625 0.05
2 0.225390625 0.3597222222222222 0.01796875 0.075
2 0.733203125 0.6861111111111111 0.04453125 0.21666666666666667
2 0.2203125 0.3451388888888889 0.0140625 0.06527777777777778
2 0.240625 0.3548611111111111 0.015625 0.06527777777777778
