2 0.294921875 0.5923611111111111 0.03203125 0.16805555555555557
2 0.651171875 0.7069444444444445 0.04140625 0.23055555555555557
2 0.088671875 0.3090277777777778 0.01640625 0.03194444444444444
1 0.069140625 0.3055555555555556 0.01953125 0.025
2 0.083984375 0.3104166666666667 0.00703125 0.015277777777777777
2 0.145703125 0.3402777777777778 0.01640625 0.05
2 0.225390625 0.3597222222222222 0.01796875 0.075
2 0.719140625 0.6756944444444445 0.04140625 0.2125
2 0.215625 0.3472222222222222 0.015625 0.06388888888888888
2 0.240625 0.3548611111111111 0.015625 0.06527777777777778
