2 0.299609375 0.6125 0.03671875 0.18055555555555555
2 0.6203125 0.6805555555555556 0.0390625 0.21666666666666667
2 0.088671875 0.3090277777777778 0.01640625 0.03194444444444444
1 0.069140625 0.3055555555555556 0.01953125 0.025
2 0.083984375 0.3104166666666667 0.00703125 0.015277777777777777
2 0.144140625 0.3402777777777778 0.01640625 0.05
2 0.225390625 0.3597222222222222 0.01796875 0.075
2 0.68359375 0.6486111111111111 0.0375 0.20277777777777778
2 0.2015625 0.3472222222222222 0.015625 0.06388888888888888
2 0.240625 0.3548611111111111 0.015625 0.06527777777777778
