2 0.3 0.6138888888888889 0.0375 0.17777777777777778
2 0.619140625 0.6805555555555556 0.03828125 0.21666666666666667
2 0.088671875 0.3090277777777778 0.01640625 0.03194444444444444
1 0.069140625 0.3055555555555556 0.01953125 0.025
2 0.083984375 0.3104166666666667 0.00703125 0.015277777777777777
2 0.144140625 0.3402777777777778 0.01640625 0.05
2 0.225390625 0.3597222222222222 0.01796875 0.075
2 0.68125 0.6486111111111111 0.0375 0.20277777777777778
2 0.20078125 0.3472222222222222 0.0140625 0.06388888888888888
2 0.240625 0.3548611111111111 0.015625 0.06527777777777778
