2 0.30390625 0.6201388888888889 0.0421875 0.18472222222222223
2 0.61328125 0.6743055555555556 0.0390625 0.2152777777777778
2 0.088671875 0.3090277777777778 0.01640625 0.03194444444444444
1 0.069140625 0.3055555555555556 0.01953125 0.025
2 0.083984375 0.3104166666666667 0.00703125 0.015277777777777777
2 0.144140625 0.3402777777777778 0.01640625 0.05
2 0.225390625 0.3597222222222222 0.01796875 0.075
2 0.67265625 0.6430555555555556 0.0375 0.2
2 0.19765625 0.3472222222222222 0.015625 0.06388888888888888
2 0.2390625 0.3541666666666667 0.015625 0.06666666666666667
