2 0.309375 0.6305555555555555 0.05 0.19444444444444445
2 0.60078125 0.6645833333333333 0.0390625 0.20972222222222223
2 0.088671875 0.3090277777777778 0.01640625 0.03194444444444444
1 0.069140625 0.3055555555555556 0.01953125 0.025
2 0.083984375 0.3104166666666667 0.00703125 0.015277777777777777
2 0.143359375 0.3402777777777778 0.01796875 0.05
2 0.224609375 0.3597222222222222 0.01640625 0.075
2 0.65625 0.63125 0.0375 0.19305555555555556
2 0.194921875 0.35 0.01484375 0.06388888888888888
2 0.2390625 0.3541666666666667 0.015625 0.06666666666666667
