2 0.312109375 0.6340277777777777 0.05234375 0.2013888888888889
2 0.5953125 0.6611111111111111 0.0390625 0.20833333333333334
2 0.088671875 0.3090277777777778 0.01640625 0.03194444444444444
1 0.069140625 0.3055555555555556 0.01953125 0.025
2 0.083984375 0.3104166666666667 0.00703125 0.015277777777777777
2 0.143359375 0.3402777777777778 0.01796875 0.05
2 0.224609375 0.3597222222222222 0.01640625 0.075
2 0.649609375 0.6277777777777778 0.03671875 0.18888888888888888
2 0.193359375 0.35 0.01484375 0.06388888888888888
2 0.2390625 0.3541666666666667 0.015625 0.06666666666666667
