2 0.313671875 0.6361111111111111 0.05546875 0.20277777777777778
2 0.59296875 0.6590277777777778 0.0390625 0.20694444444444443
2 0.088671875 0.3090277777777778 0.01640625 0.03194444444444444
1 0.069140625 0.3055555555555556 0.01953125 0.025
2 0.083984375 0.3104166666666667 0.00703125 0.015277777777777777
2 0.142578125 0.3402777777777778 0.01640625 0.05
2 0.224609375 0.3597222222222222 0.01640625 0.075
2 0.6453125 0.6256944444444444 0.0359375 0.19027777777777777
2 0.1921875 0.35 0.015625 0.06388888888888888
2 0.2390625 0.3541666666666667 0.015625 0.06666666666666667
