2 0.306640625 0.64375 0.03828125 0.2125
2 0.584375 0.6513888888888889 0.0390625 0.20277777777777778
2 0.088671875 0.3090277777777778 0.01640625 0.03194444444444444
1 0.069140625 0.3055555555555556 0.01953125 0.025
2 0.083984375 0.3104166666666667 0.00703125 0.015277777777777777
2 0.142578125 0.3402777777777778 0.01640625 0.05
2 0.224609375 0.3597222222222222 0.01640625 0.075
2 0.63359375 0.6180555555555556 0.034375 0.18611111111111112
2 0.190625 0.35138888888888886 0.015625 0.06111111111111111
2 0.2390625 0.3541666666666667 0.015625 0.06666666666666667
