2 0.307421875 0.6493055555555556 0.03515625 0.2125
2 0.58046875 0.6472222222222223 0.0390625 0.2
2 0.088671875 0.3090277777777778 0.01640625 0.03194444444444444
1 0.069140625 0.3055555555555556 0.01953125 0.025
2 0.083984375 0.3104166666666667 0.00703125 0.015277777777777777
2 0.142578125 0.3402777777777778 0.01640625 0.05
2 0.224609375 0.3597222222222222 0.01640625 0.075
2 0.628125 0.6138888888888889 0.034375 0.18333333333333332
2 0.1890625 0.3527777777777778 0.015625 0.06388888888888888
2 0.2390625 0.3541666666666667 0.015625 0.06666666666666667
