2 0.30859375 0.65 0.0375 0.21388888888888888
2 0.58046875 0.6458333333333334 0.0390625 0.20277777777777778
2 0.088671875 0.3090277777777778 0.01640625 0.03194444444444444
1 0.069140625 0.3055555555555556 0.01953125 0.025
2 0.083984375 0.3104166666666667 0.00703125 0.015277777777777777
2 0.142578125 0.3402777777777778 0.01640625 0.05
2 0.224609375 0.3597222222222222 0.01640625 0.075
2 0.6265625 0.6131944444444445 0.034375 0.18472222222222223
2 0.1890625 0.3527777777777778 0.015625 0.06388888888888888
2 0.2390625 0.3541666666666667 0.015625 0.06666666666666667
