2 0.318359375 0.6611111111111111 0.04609375 0.21666666666666667
2 0.571875 0.6402777777777777 0.0390625 0.2
2 0.088671875 0.3090277777777778 0.01640625 0.03194444444444444
1 0.069140625 0.3055555555555556 0.01953125 0.025
2 0.083984375 0.3104166666666667 0.00703125 0.015277777777777777
2 0.142578125 0.3402777777777778 0.01640625 0.05
2 0.224609375 0.3597222222222222 0.01640625 0.075
2 0.6171875 0.6055555555555555 0.034375 0.18055555555555555
2 0.187890625 0.35347222222222224 0.01484375 0.0625
2 0.2390625 0.3541666666666667 0.015625 0.06666666666666667
