2 0.32109375 0.6652777777777777 0.0484375 0.21944444444444444
2 0.569140625 0.6388888888888888 0.03828125 0.19722222222222222
2 0.088671875 0.3090277777777778 0.01640625 0.03194444444444444
1 0.069140625 0.3055555555555556 0.01953125 0.025
2 0.083984375 0.3104166666666667 0.00703125 0.015277777777777777
2 0.142578125 0.3402777777777778 0.01640625 0.05
2 0.224609375 0.3597222222222222 0.01640625 0.075
2 0.612890625 0.6041666666666666 0.03515625 0.17777777777777778
2 0.186328125 0.35347222222222224 0.01484375 0.0625
2 0.2390625 0.3541666666666667 0.015625 0.06666666666666667
