2 0.32421875 0.6680555555555555 0.0515625 0.2222222222222222
2 0.56796875 0.6354166666666666 0.0390625 0.19583333333333333
2 0.088671875 0.3090277777777778 0.01640625 0.03194444444444444
1 0.069140625 0.3055555555555556 0.01953125 0.025
2 0.083984375 0.3104166666666667 0.00703125 0.015277777777777777
2 0.142578125 0.3402777777777778 0.01640625 0.05
2 0.224609375 0.3597222222222222 0.01640625 0.075
2 0.61015625 0.6013888888888889 0.034375 0.17777777777777778
2 0.186328125 0.35347222222222224 0.01484375 0.0625
2 0.237890625 0.3541666666666667 0.01484375 0.06666666666666667
