2 0.334765625 0.6868055555555556 0.05703125 0.22916666666666666
2 0.55546875 0.6256944444444444 0.0390625 0.19027777777777777
2 0.088671875 0.3090277777777778 0.01640625 0.03194444444444444
1 0.069140625 0.3055555555555556 0.01953125 0.025
2 0.083984375 0.3104166666666667 0.00703125 0.015277777777777777
2 0.14140625 0.3402777777777778 0.0171875 0.05
2 0.224609375 0.3597222222222222 0.01640625 0.075
2 0.592578125 0.5916666666666667 0.03359375 0.17222222222222222
2 0.18359375 0.35625 0.015625 0.0625
2 0.237890625 0.3541666666666667 0.01484375 0.06666666666666667
