2 0.335546875 0.6881944444444444 0.05859375 0.23194444444444445
2 0.55390625 0.6243055555555556 0.0390625 0.19305555555555556
2 0.088671875 0.3090277777777778 0.01640625 0.03194444444444444
1 0.069140625 0.3055555555555556 0.01953125 0.025
2 0.083984375 0.3104166666666667 0.00703125 0.015277777777777777
2 0.14140625 0.3402777777777778 0.0171875 0.05
2 0.224609375 0.3597222222222222 0.01640625 0.075
2 0.59140625 0.5895833333333333 0.0328125 0.1736111111111111
2 0.182421875 0.35625 0.01484375 0.0625
2 0.237890625 0.3541666666666667 0.01484375 0.06666666666666667
