2 0.338671875 0.6944444444444444 0.05859375 0.23333333333333334
2 0.549609375 0.6201388888888889 0.03828125 0.19027777777777777
2 0.088671875 0.3090277777777778 0.01640625 0.03194444444444444
1 0.069140625 0.3055555555555556 0.01953125 0.025
2 0.083984375 0.3104166666666667 0.00703125 0.015277777777777777
2 0.14140625 0.3402777777777778 0.0171875 0.05
2 0.224609375 0.3597222222222222 0.01640625 0.075
2 0.585546875 0.5854166666666667 0.03359375 0.17083333333333334
2 0.182421875 0.35625 0.01484375 0.0625
2 0.237890625 0.3541666666666667 0.01484375 0.06666666666666667
