2 0.340625 0.6979166666666666 0.059375 0.2375
2 0.546875 0.61875 0.0390625 0.1875
2 0.088671875 0.3090277777777778 0.01640625 0.03194444444444444
1 0.069140625 0.3055555555555556 0.01953125 0.025
2 0.083984375 0.3104166666666667 0.00703125 0.015277777777777777
2 0.14140625 0.3402777777777778 0.0171875 0.05
2 0.224609375 0.3597222222222222 0.01640625 0.075
2 0.583203125 0.5840277777777778 0.03359375 0.16805555555555557
2 0.182421875 0.35625 0.01484375 0.0625
2 0.237890625 0.3541666666666667 0.01484375 0.06666666666666667
