2 0.34140625 0.7006944444444444 0.0578125 0.2375
2 0.5453125 0.6166666666666667 0.0390625 0.18888888888888888
2 0.088671875 0.3090277777777778 0.01640625 0.03194444444444444
1 0.069140625 0.3055555555555556 0.01953125 0.025
2 0.083984375 0.3104166666666667 0.00703125 0.015277777777777777
2 0.14140625 0.3402777777777778 0.0171875 0.05
2 0.224609375 0.3597222222222222 0.01640625 0.075
2 0.580859375 0.5833333333333334 0.03203125 0.16944444444444445
2 0.182421875 0.35625 0.01484375 0.0625
2 0.237890625 0.3541666666666667 0.01484375 0.06666666666666667
