2 0.3515625 0.7229166666666667 0.0625 0.24583333333333332
2 0.531640625 0.6041666666666666 0.03828125 0.18333333333333332
2 0.088671875 0.3090277777777778 0.01640625 0.03194444444444444
1 0.069140625 0.3055555555555556 0.01953125 0.025
2 0.083984375 0.3104166666666667 0.00703125 0.015277777777777777
2 0.14140625 0.3402777777777778 0.0171875 0.05
2 0.224609375 0.3597222222222222 0.01640625 0.075
2 0.560546875 0.5701388888888889 0.03046875 0.1625
2 0.181640625 0.35833333333333334 0.01328125 0.06111111111111111
2 0.237890625 0.3541666666666667 0.01484375 0.06666666666666667
