2 0.35859375 0.7375 0.0625 0.25277777777777777
2 0.52421875 0.5958333333333333 0.0375 0.18055555555555555
2 0.088671875 0.3090277777777778 0.01640625 0.03194444444444444
1 0.069140625 0.3055555555555556 0.01953125 0.025
2 0.083984375 0.3104166666666667 0.00703125 0.015277777777777777
2 0.13984375 0.3402777777777778 0.0171875 0.05
2 0.224609375 0.3597222222222222 0.01640625 0.075
2 0.551171875 0.5638888888888889 0.03046875 0.16111111111111112
2 0.181640625 0.35833333333333334 0.01328125 0.06111111111111111
2 0.237890625 0.3541666666666667 0.01484375 0.06666666666666667
