2 0.137109375 0.3368055555555556 0.01328125 0.03194444444444444
2 0.37421875 0.7645833333333333 0.0734375 0.2708333333333333
2 0.512890625 0.5833333333333334 0.03984375 0.175
2 0.088671875 0.3090277777777778 0.01640625 0.03194444444444444
1 0.069140625 0.3055555555555556 0.01953125 0.025
2 0.083984375 0.3104166666666667 0.00703125 0.015277777777777777
2 0.13984375 0.3402777777777778 0.0171875 0.05
2 0.224609375 0.3597222222222222 0.01640625 0.075
2 0.531640625 0.55625 0.03671875 0.16527777777777777
2 0.182421875 0.3597222222222222 0.01484375 0.06388888888888888
2 0.237109375 0.3541666666666667 0.01640625 0.06666666666666667
