2 0.137109375 0.3368055555555556 0.01328125 0.03194444444444444
2 0.380859375 0.7743055555555556 0.07890625 0.2763888888888889
2 0.509375 0.5805555555555556 0.0421875 0.175
2 0.088671875 0.3090277777777778 0.01640625 0.03194444444444444
1 0.069140625 0.3055555555555556 0.01953125 0.025
2 0.083984375 0.3104166666666667 0.00703125 0.015277777777777777
2 0.13984375 0.3402777777777778 0.0171875 0.05
2 0.224609375 0.3597222222222222 0.01640625 0.075
2 0.525 0.5534722222222223 0.0375 0.16527777777777777
2 0.182421875 0.3611111111111111 0.01484375 0.06666666666666667
2 0.237109375 0.3541666666666667 0.01640625 0.06666666666666667
