2 0.137109375 0.3368055555555556 0.01328125 0.03194444444444444
2 0.382421875 0.7770833333333333 0.07890625 0.2763888888888889
2 0.50859375 0.5798611111111112 0.040625 0.1736111111111111
2 0.088671875 0.3090277777777778 0.01640625 0.03194444444444444
1 0.069140625 0.3055555555555556 0.01953125 0.025
2 0.083984375 0.3104166666666667 0.00703125 0.015277777777777777
2 0.13984375 0.3402777777777778 0.0171875 0.05
2 0.224609375 0.3597222222222222 0.01640625 0.075
2 0.52421875 0.5520833333333334 0.0375 0.16805555555555557
2 0.183203125 0.3611111111111111 0.01640625 0.06666666666666667
2 0.237109375 0.3541666666666667 0.01640625 0.06666666666666667
