2 0.137109375 0.3368055555555556 0.01328125 0.03194444444444444
2 0.385546875 0.7819444444444444 0.08359375 0.28055555555555556
2 0.506640625 0.5770833333333333 0.04140625 0.1736111111111111
2 0.088671875 0.3090277777777778 0.01640625 0.03194444444444444
1 0.069140625 0.3055555555555556 0.01953125 0.025
2 0.083984375 0.3104166666666667 0.00703125 0.015277777777777777
2 0.13984375 0.3423611111111111 0.0171875 0.04861111111111111
2 0.224609375 0.3611111111111111 0.01640625 0.07777777777777778
2 0.519140625 0.55 0.03828125 0.16666666666666666
2 0.183203125 0.3611111111111111 0.01640625 0.06666666666666667
2 0.237109375 0.3541666666666667 0.01640625 0.06666666666666667
